Example of output

/#1
Received: 81 characters
0507109 1296626 0032673 0006811 0003366 0003445 0000031 0000079 0000093 0000000  CR 
Done
/#2
Received: 85 characters
00000060017 0000000 0000000 0000000 0000000 0000000 0000000 0044119 1200000 0171028  CR 
Done
/#3
Received: 77 characters
00000060017 0170531 0503689 1284769 0000000 0000000 0000000 0000000 0000088  CR 
Done
/#4
Received: 74 characters
0507109 0640641 0000000 1296626 0000000 0000490 0000000 0000000 0000000   CR 
Done
/#5
Received: 1500 characters
00000060017 0170930 0505084 1291487 0000000 0000000 0000000 0000000 0000069  CR 
0170831 0504130 1288590 0000000 0000000 0000000 0000000 0000028  CR 
0170731 0504005 1287391 0000000 0000000 0000000 0000000 0000034  CR 
0170630 0503845 1286068 0000000 0000000 0000000 0000000 0000028  CR 
0170531 0503689 1284769 0000000 0000000 0000000 0000000 0000063  CR 
0170430 0502916 1281707 0000000 0000000 0000000 0000000 0000066  CR 
0170331 0500226 1274222 0000000 0000000 0000000 0000000 0000079  CR 
0170228 0496763 1265310 0000000 0000000 0000000 0000000 0000088  CR 
0170131 0493010 1255663 0000000 0000000 0000000 0000000 0000082  CR 
0161231 0488636 1244627 0000000 0000000 0000000 0000000 0000070  CR 
0161130 0484785 1234333 0000000 0000000 0000000 0000000 0000080  CR 
0161031 0481202 1225153 0000000 0000000 0000000 0000000 0000073  CR 
0160930 0478373 1217663 0000000 0000000 0000000 0000000 0000077  CR 
0160831 0478130 1215797 0000000 0000000 0000000 0000000 0000037  CR 
0160731 0477911 1213985 0000000 0000000 0000000 0000000 0000029  CR 
0160630 0477738 1212236 0000000 0000000 0000000 0000000 0000030  CR 
0160531 0477540 1210299 0000000 0000000 0000000 0000000 0000075  CR 
0160430 0476427 1206272 0000000 0000000 0000000 0000000 0000060  CR 
0160331 0473286 1198233 0000000 0000000 0000000 0000000 0000077  CR 
0160229 0469428 1189117 0000000 0000000 0000000 0000000 0000079  CR 
0160131 0465505 1180143 0000000 0000000 0000000 0000000 0000095  CR 
0151231 0460700 1168909 0000000 0000000 0000000 0000000 0000081  CR 
0151130 0456686 1159617 0000000 0000000 0000000 0000000 00Done
/#6
Received: 1500 characters
0171011 00072 00188 00000 00000 00000 00000 00000 06759 21923 03473 0000000  CR 
0171010 00078 00202 00000 00000 00000 00000 00000 06813 21929 03493 0000000  CR 
0171009 00083 00205 00000 00000 00000 00000 00000 06915 21927 03466 0000000  CR 
0171008 00067 00168 00000 00000 00000 00000 00000 06714 21904 03392 0000000  CR 
0171007 00048 00125 00000 00000 00000 00000 00000 06631 21897 03368 0000000  CR 
0171006 00073 00177 00000 00000 00000 00000 00000 06927 21938 03416 0000000  CR 
0171005 00069 00162 00000 00000 00000 00000 00000 06964 21907 03340 0000000  CR 
0171004 00099 00225 00000 00000 00000 00000 00000 07075 21931 03344 0000000  CR 
0171003 00035 00099 00000 00000 00000 00000 00000 06596 21961 03498 0000000  CR 
0171002 00039 00102 00000 00000 00000 00000 00000 06590 21967 03380 0000000  CR 
0171001 00030 00084 00000 00000 00000 00000 00000 06466 21967 03383 0000000  CR 
0170930 00032 00091 00000 00000 00000 00000 00000 06414 21954 03376 0000000  CR 
0170929 00030 00085 00000 00000 00000 00000 00000 06321 21923 03343 0000000  CR 
0170928 00027 00078 00000 00000 00000 00000 00000 06269 21927 03351 0000000  CR 
0170927 00029 00085 00000 00000 00000 00000 00000 06245 21927 03360 0000000  CR 
0170926 00027 00080 00000 00000 00000 00000 00000 06215 21930 03380 0000000  CR 
0170925 00026 00078 00000 00000 00000 00000 00000 06251 21935 03371 0000000  CR 
0170924 00033 00096 00000 00000 00000 00000 00000 06251 21942 03348 0000000  CR 
0170923 00027 00081 00000 00000 00000 00000 00000 06179 21952 03301 0000000  CR 
0170922 00025 00074 00000 00000 00000Done
/#7
Received: 1500 characters
0171012 00003 00007 00000 00000 00000 00000 00000 06761 21920 03453 0000000  CR 
0171012 00002 00007 00000 00000 00000 00000 00000 06729 21920 03447 0000000  CR 
0171012 00003 00007 00000 00000 00000 00000 00000 06728 21921 03449 0000000  CR 
0171011 00003 00008 00000 00000 00000 00000 00000 06718 21920 03446 0000000  CR 
0171011 00003 00007 00000 00000 00000 00000 00000 06730 21921 03455 0000000  CR 
0171011 00002 00007 00000 00000 00000 00000 00000 06735 21920 03464 0000000  CR 
0171011 00003 00007 00000 00000 00000 00000 00000 06741 21920 03473 0000000  CR 
0171011 00003 00008 00000 00000 00000 00000 00000 06746 21920 03488 0000000  CR 
0171011 00003 00007 00000 00000 00000 00000 00000 06735 21920 03501 0000000  CR 
0171011 00002 00007 00000 00000 00000 00000 00000 06736 21922 03504 0000000  CR 
0171011 00003 00008 00000 00000 00000 00000 00000 06745 21921 03505 0000000  CR 
0171011 00003 00007 00000 00000 00000 00000 00000 06764 21921 03488 0000000  CR 
0171011 00003 00007 00000 00000 00000 00000 00000 06759 21921 03483 0000000  CR 
0171011 00003 00007 00000 00000 00000 00000 00000 06767 21921 03485 0000000  CR 
0171011 00003 00009 00000 00000 00000 00000 00000 06783 21922 03479 0000000  CR 
0171011 00003 00009 00000 00000 00000 00000 00000 06771 21921 03472 0000000  CR 
0171011 00003 00008 00000 00000 00000 00000 00000 06774 21922 03467 0000000  CR 
0171011 00004 00009 00000 00000 00000 00000 00000 06803 21923 03468 0000000  CR 
0171011 00004 00010 00000 00000 00000 00000 00000 06660 21923 03439 0000000  CR 
0171011 00004 00010 00000 00000 00000Done
/#8
Received: 1500 characters
1747968 7886246 0000013 :224384 0000770 0000009 0000000 0000000 0000000 :820277 0876629 0000000  CR 
0000000 0000000 0000000 ;468800 5614106 0003475 0196608 0262812 0002304 0000000 0000000 0000000  CR 
0000013 :224384 0000514 0000007 0000000 0000000 0000000 ;213449 0892501 0000000 0171011 0524291  CR 
0000000 3342336 5614106 0003499 0196608 0197276 0001792 0000000 0000000 0000000 1727488 ;097515  CR 
0000514 0000006 0000000 0000000 0000000 ;213349 0895061 0000000 0171011 0458755 0000000 0000000  CR 
5614362 0003519 0131072 0131740 0001536 0000000 0000000 0000000 1715456 <015018 0000013 :224384  CR 
0000000 0000000 0000000 ;147814 0903509 0000000 0171010 0458755 0000000 0000000 0000000 2818048  CR 
0131072 0131740 0001792 0000000 0000000 0000000 1715456 =718955 0000013 :224128 0000514 0000006  CR 
0000000 ;082297 0905557 0000000 0171010 0393219 0000000 0000000 0000000 3145728 5614106 0003538  CR 
0001792 0000000 0000000 0000000 1728000 =194666 0000013 :224128 0000514 0000007 0000000 0000000  CR 
0899669 0000000 0171010 0458754 0000000 0000000 0000000 7208960 5614106 0003516 0131072 0197276  CR 
0000000 0000000 1753088 9328042 0000013 :224128 0000770 0000007 0000000 0000000 0000000 ;147911  CR 
0171010 0524291 0000000 0000000 0000000 9175040 5614106 0003482 0131072 0262812 0002304 0000000  CR 
1728768 :573224 0000013 :224128 0000770 0000007 0000000 0000000 0000000 ;082350 0890709 0000000  CR 
0000000 0000000 0000000 7012352 5613850 0003506 0131072 0197276 0002048 0000000 0000000 0000000  CR 
0000013 :224128 0000770 0000008 0000000 00000Done
/#9
Received: 1500 characters
0000000 0000000 <386304 5614106 0003491 0131072 0197276 0002304 0000000 0000000 0000000 1745664 ;490728  CR 
0000013 :224128 0001026 0000010 0000000 0000000 0000000 ;344614 0893269 0000000 0171010 0589828 0000000  CR 
0000000 0000000 3473408 5614619 0003456 0131072 0262812 0002560 0000000 0000000 0000000 1770496 9393580  CR 
0000013 :224128 0001282 0000012 0000000 0000000 0000000 ;082576 0890709 0000000 0171010 0655364 0000000  CR 
0000000 0000000 2621440 5611803 0003426 0131072 0262812 0002816 0000000 0000000 0000000 1785088 8344993  CR 
0000013 :224128 0001282 0000012 0000000 0000000 0000000 :754831 0872789 0000000 0171010 0720900 0000000  CR 
0000000 0000000 ;403264 5614874 0003450 0065536 0262812 0002304 0000000 0000000 0000000 1763072 6247850  CR 
0000013 :223872 0001026 0000007 0000000 0000000 0000000 ;344534 0882517 0000000 0171009 0589827 0000000  CR 
0000000 0000000 9175040 5614362 0003463 0065536 0131740 0001792 0000000 0000000 0000000 1741568 8345004  CR 
0000013 :223872 0000770 0000008 0000000 0000000 0000000 ;147909 0887893 0000000 0171009 0458755 0000000  CR 
0000000 0000000 8716288 5613594 0003487 0065536 0197276 0001792 0000000 0000000 0000000 1736448 9655721  CR 
0000013 :223872 0000770 0000007 0000000 0000000 0000000 :885749 0891221 0000000 0171009 0458754 0000000  CR 
0000000 0000000 3735552 5611291 0003482 0065536 0197276 0001792 0000000 0000000 0000000 1755136 :835363  CR 
0000013 :223872 0000770 0000008 0000000 0000000 0000000 :361724 0888917 0000000 0171009 0524291 0000000  CR 
0000000 0000000 9633792 561129Done
/#J
Received: 1500 characters
0000012 0090121 0120010 0236824  CR 
0000008 0140205 0080000 0408640  CR 
0000012 0140205 0080000 0408640  CR 
0000013 0140205 0080010 0408640  CR 
0000012 0140205 0080020 0408640  CR 
0000004 0140205 0080020 0408640  CR 
0000000 0140205 0080020 0408640  CR 
0000008 0140205 0120010 0408640  CR 
0000012 0140205 0120010 0408640  CR 
0000008 0090121 0120010 0236824  CR 
0000000 0000000 0000000 0000000  CR 
0000000 0000000 ?007744 0001980  CR 
?007744 ?927228 0005064 >417920  CR 
0005026 0000000 0000000 0000000  CR 
0000000 0000000 ?728640 ?728640  CR 
6094848 6094848 9699328 7212733  CR 
0002056 0065536 :616832 0917631  CR 
0000668 0000000 0000000 0000000  CR 
0000000 0000000 0000000 0000000  CR 
0000000 0000000 0000000 0000000  CR 
0170531 0503689 1284769 0000000  CR 
0000000 0000000 0000000 0000088  CR 
0170211 0000224 0000000 0000000  CR 
0000000 0030531 0036049 0112715  CR 
0000000 0000000 0000000 0000000  CR 
0000121 0030107 0000407 0000000  CR 
0000000 0000001 0040531 0071709  CR 
0223497 0000000 0000000 0000000  CR 
0000000 0000107 0040501 0000368  CR 
0000000 0000000 0000013 0050531  CR 
0111129 0325981 0000000 0000000  CR 
0000000 0000000 0000158 0050226  CR 
0000438 0000000 0000000 0000000  CR 
0060531 0151219 0418539 0000000  CR 
0000000 0000000 0000000 0000134  CR 
0060128 0000287 0000000 0000000  CR 
0000000 0070531 0185699 0497609  CR 
0000000 0000000 0000000 0000000  CR 
0000112 0070225 0000242 0000000  CR 
0000000 0000000 0080531 0219300  CR 
0576196 0000000 0000000 0000000  CR 
0000000 0000139 0080217 0000280  CR 
0000000 0000000 0000000 0090531  CR 
0250478 0643415 0000000 0000000  CR 
0000000 0000000 0000130 0090101  CR 
0000269 0000000Done
/#B
Received: 97 characters
0507110 0000000 1296628 0000000 1286876 0000000 0000000 0000000 0000000 0000000 0966037 0526447  CR 
Done
/#C
Received: 65 characters
0006812 0021875 0003376 0000000 0000000 0000079 0000000 0000031  CR 
Done
/#D
Received: 72 characters
00000060017 44119119 120000000 0171028 0180419 0032674 0000601 0000001  CR 
Done
